1308 1325 1323 1321 1320 1317 1316 1305 1306 1309 1315 1332 1324 1322 1326 1330 1312 1311 1307 1310 1331 1319 1327 1318 1313 
69 71 50 63 62 59 57 68 67 65 55 49 54 58 60 61 53 52 51 64 70 323 336 333 326 334 56 331 10 325 321 322 324 327 328 332 7 3 4 5 6 8 11 1616 2 1 1659 0 1623 335 1622 1615 1618 1617 1658 1614 9 1334 330 329 1328 570 1333 1329 2118 1654 1656 2117 2119 569 2197 
1621 
21 23 29 13 24 34 15 27 26 25 39 38 32 20 17 18 12 37 42 28 36 43 33 19 30 16 22 14 
35 
31 
41 40 
45 46 44 
778 1578 66 
88 87 86 84 83 81 80 79 78 74 73 72 
85 77 75 
82 76 
100 89 
109 105 106 91 93 99 111 92 108 90 110 102 107 96 101 103 
94 97 104 98 95 
115 112 116 113 118 
114 
117 
121 119 124 129 122 125 120 128 
126 
130 
135 157 132 150 143 151 138 136 133 148 146 145 155 152 140 156 139 153 154 160 134 141 137 144 149 142 147 159 131 
158 
175 169 168 167 161 170 
165 
162 
164 171 176 163 
173 172 
182 181 180 179 178 177 
186 185 184 
192 203 205 199 202 206 208 189 190 200 197 201 191 194 196 207 193 188 195 187 198 
204 
214 213 212 211 210 
218 230 215 237 220 234 232 239 235 233 228 247 227 244 243 229 225 219 238 242 236 240 224 221 245 223 241 217 246 
226 
222 216 
270 286 267 276 284 258 262 287 257 269 283 251 261 281 264 263 285 279 277 268 275 259 280 282 260 272 255 265 252 250 253 271 278 254 248 273 249 256 274 
293 292 291 290 289 288 
319 294 
309 
296 317 306 305 300 320 312 308 318 316 307 315 
304 311 310 
338 342 337 
352 351 356 353 350 347 357 355 346 343 
354 
345 344 
349 348 
360 358 370 359 
365 368 
363 
362 
364 361 
369 367 
382 377 385 371 374 373 372 387 386 381 378 388 383 379 380 376 375 
384 
2103 2015 2020 2028 2026 2045 2070 2067 2050 2057 2016 2104 2076 2054 2022 2047 2053 2030 2098 2097 2007 2041 2046 2058 2089 2074 2042 2017 2068 2039 2013 2034 2096 2064 2037 2100 2084 2085 2018 2025 2101 2086 2061 2048 2087 2081 2083 2044 2092 2032 2056 2099 2075 2060 2090 2102 2073 2031 2033 2021 2038 2065 2107 2095 2009 2105 2093 2079 2008 2082 2080 2049 2040 2027 2010 2052 2043 2011 2071 2091 2006 2036 2088 2024 842 810 1137 2069 2019 2023 2078 1832 1433 2261 2059 2094 2077 1138 2051 2035 2106 2014 838 2029 840 843 841 836 835 834 2012 2055 1825 1826 1828 837 2066 
2072 
2062 
1735 1751 1743 1765 1776 1763 1748 1747 1772 1762 1752 1742 1773 1761 1730 1775 1729 1774 1771 1734 1767 1725 1732 1731 1768 1728 1760 1749 1744 1758 1727 1724 1759 1740 1733 1726 1194 1745 1215 1213 1753 1769 1189 1218 1217 1198 1212 1210 1208 1206 1205 1204 1202 1199 1192 1191 1188 1777 1197 1195 1739 1193 1221 1203 1766 1741 1214 1209 1220 1219 1216 1201 1738 2001 1770 1196 1211 1200 1764 1757 1736 1996 2000 1995 2002 1998 1737 1994 1999 1746 1756 1190 1997 1754 
395 413 402 400 418 398 397 423 422 401 407 421 415 391 408 409 399 390 419 406 411 420 404 412 417 416 405 425 403 410 394 414 389 396 424 
2140 2129 2128 2126 2136 2132 2131 2142 2124 2144 2141 2137 2138 2121 2127 2135 2130 2139 2134 2122 2145 2143 2125 2120 2123 603 2133 
817 833 820 825 826 828 831 822 818 812 829 823 815 821 814 813 830 819 827 824 816 
811 808 806 805 804 803 809 807 
661 674 667 676 678 670 668 677 664 681 663 659 671 662 658 675 665 666 679 672 680 682 673 657 660 
2383 2388 2386 2378 2375 2374 2391 2390 2387 2385 2381 2379 2376 2377 2392 2384 2389 2382 
1426 1432 
2260 2264 2262 2265 2263 
1141 1136 1134 1139 1132 1133 1135 1140 
1839 
393 392 
429 428 427 426 
447 446 445 444 442 440 439 438 437 433 432 431 436 435 434 
443 
448 453 451 450 449 
460 457 456 455 
462 465 463 461 
464 
470 466 468 467 
469 
473 472 471 
477 483 481 486 485 
476 
484 475 
489 488 487 
493 492 491 490 
560 532 563 562 499 515 526 545 551 543 555 497 521 500 557 554 494 542 538 536 540 541 516 523 511 508 525 496 495 501 524 556 498 561 529 527 546 522 512 550 535 504 533 548 559 553 514 506 549 531 513 520 509 505 552 502 517 518 519 564 544 503 547 510 528 534 539 
530 
507 
537 
575 572 571 568 
578 573 
582 581 580 
586 585 584 583 
599 598 596 592 589 
594 593 591 597 
595 
605 600 
609 608 
615 614 612 613 
610 
618 617 
626 625 624 623 620 627 622 621 
628 
632 631 630 636 629 
635 633 
641 638 648 649 645 644 643 637 639 647 640 642 
656 652 651 650 655 654 
653 
710 685 693 694 684 687 688 689 695 683 697 707 709 696 699 702 704 698 700 686 701 708 690 692 705 691 
706 
717 716 718 
715 
712 
719 721 720 714 
729 724 730 727 726 722 732 723 725 728 
733 
735 739 738 737 736 734 
740 764 1609 
757 763 741 
761 756 755 754 750 748 746 742 
744 753 743 
1640 1638 1632 1648 1636 1641 1637 1634 1633 745 
1649 1646 1635 
759 762 749 
781 787 765 
773 767 782 
777 
784 769 
772 770 
774 785 779 771 
788 
798 793 791 789 797 790 
792 
794 
802 801 800 799 
855 850 848 859 853 849 860 856 847 846 845 854 851 858 857 
852 
863 864 862 
870 880 869 882 878 865 871 885 877 872 875 876 881 889 866 883 887 888 884 873 874 868 867 
893 892 891 890 
898 896 895 894 902 900 899 
901 897 
909 913 910 908 905 912 907 904 911 906 
903 
2425 915 
922 920 918 917 935 931 927 926 925 924 916 921 
934 
944 977 959 943 946 956 937 960 964 965 970 938 942 939 948 950 953 972 961 962 954 966 967 968 949 940 955 963 951 973 975 976 941 952 969 971 945 957 947 974 
958 
983 978 
982 981 984 980 
979 
1035 1006 1014 1029 1030 1032 1002 1004 1038 985 1016 1018 1019 1020 986 988 1013 1017 1034 990 
1003 
1015 998 1033 991 1027 997 1005 1010 1011 1022 1026 1031 1025 1007 1008 1000 989 993 1039 1028 992 994 1037 1021 
1009 
1052 
1056 1054 1051 1045 1057 1043 1044 1046 1040 1048 1049 1050 1055 1047 1058 1041 1053 
1070 1061 1062 1060 
1065 1064 
1073 1072 
1077 1075 1074 
1081 1079 
1087 1083 1080 
1101 1102 1093 1120 1114 1106 1108 1110 1118 1115 1096 1117 1098 1091 1104 1111 1099 1105 1100 1095 1092 1112 1097 1109 1113 1116 1119 1094 1103 
1107 
1123 1122 1121 
1126 1130 1128 1124 
1131 1129 1125 
1148 1147 1146 1145 1143 1162 1160 1158 1157 1156 1153 1152 1142 
1150 1149 1161 1144 1151 
1155 
1168 1163 
1167 1166 
1182 1180 1179 1178 1177 1184 1183 1181 1171 1170 1176 1174 1187 1175 1185 
1172 
1232 1230 1252 1225 1233 1247 1239 1254 1253 1235 1236 1228 1229 1245 1240 1231 1243 1227 1249 1251 1250 1224 1248 1246 1241 1226 1242 1234 1244 1237 
1223 
1262 1261 1260 1258 1256 1255 1263 1259 
1257 
1272 1279 1265 1271 1268 1266 1280 1264 1277 1276 1274 1273 1267 
1287 1286 1288 1285 
1294 
1297 1293 1289 1290 1291 1295 1292 1298 1296 
1304 1299 1302 1301 1300 
1303 
1341 1339 1338 1340 
1345 
1350 1348 1346 1349 
1347 
1353 1352 1351 
1356 1355 1354 
1365 1364 1357 1363 1362 1360 
1367 1359 
1361 
1369 1368 
1373 1370 1372 
1371 
1375 1376 1374 
1382 1381 1384 1380 
1409 1419 1386 1389 1397 1406 1403 1395 1413 1399 1390 1410 1404 1396 1401 1402 1385 1398 1415 1394 1411 1388 1407 1400 1393 1416 1392 1417 1418 1412 1414 
1408 
1423 1421 1422 1420 
1424 
1442 1444 1446 1447 1448 1449 1427 1428 1430 1431 1434 1435 1436 1438 1425 1439 1429 1443 1440 
1441 
1459 1453 1460 1458 1451 1457 1450 1452 1455 
1456 
1471 1467 1466 1465 1464 1463 1462 1474 1473 1472 1461 1469 1468 
1470 
1478 1477 1476 
1480 1483 1482 
1486 1485 
1503 1499 1490 
1494 1491 1502 
1495 1492 
1501 1500 
1507 1540 1516 1549 1554 1523 1524 1529 1535 1511 1517 1525 1505 1536 1541 1509 1545 1515 1537 1506 1528 1551 1534 1514 1539 1527 1538 1530 1544 1520 1547 1518 1552 1519 1513 1556 1532 1512 1548 1555 1522 1550 1531 1521 1504 1546 1508 1543 1526 
1553 
1510 
1561 1558 
1567 1566 1563 
1574 1573 1569 1577 1575 1572 1571 1570 1568 
1576 
1581 1580 1579 
1592 1585 1583 1587 1586 1591 1589 1595 1590 1588 1584 1593 
1599 1598 1600 1597 
1604 1603 1601 
1606 1613 1610 1607 1611 
1608 
1628 1627 1626 1625 
1631 1630 
1643 1644 1639 
1645 1642 
1652 1650 
1653 1651 
1663 1664 1662 
1661 
1667 1666 
1674 1671 
1679 1678 
1689 1688 
1697 
1695 1698 1700 1692 1709 1701 1691 1704 1693 1705 1706 1707 1699 1708 1696 1702 1694 
1715 1716 1713 1712 1717 1710 1714 1718 
1915 1914 1917 1916 
1720 1719 
1808 1806 1802 1799 1797 1796 1783 1792 1779 1784 1790 1801 1793 
1800 
1781 1782 1795 1804 1787 1780 
1788 
1803 1791 1805 1794 1785 
1807 1789 1809 1786 
1814 1813 1812 1811 1810 
1823 1820 1818 1824 1819 1822 1821 1816 1817 
1831 1830 1829 
1842 1834 1833 
1836 1843 1835 
1846 1845 
1848 1850 1849 
1855 1852 
1875 1873 1870 1869 1868 1867 1865 1864 
1871 1874 1866 1876 
1872 
1878 1877 
1880 1879 
1884 1883 
1887 1886 1885 
1892 1893 1891 1888 
1901 1900 1897 1895 1894 1903 1902 1899 1906 1905 1904 1898 
1896 
1913 1912 1911 1910 1909 1908 1907 
1936 1934 1933 1932 1931 1929 1927 1926 1925 1924 1922 1921 1928 1930 1935 
1918 
1923 1920 1919 
1940 1937 
1939 1938 
1967 1952 1941 1949 
1961 
1942 1958 1953 1947 1959 1950 1946 1957 1962 1963 1964 1966 1944 1951 1956 1954 1948 1943 1965 
1945 
1971 1973 1975 1974 1972 1969 1968 
1983 1982 1979 1981 1977 1985 1984 1978 1976 1980 
1986 
1990 1992 1987 
2005 2004 
2111 2110 2109 2108 
2116 2115 2114 2113 2112 
2146 2152 2151 2153 2148 
2147 
2156 2155 
2158 2162 2161 2157 
2165 2164 2163 
2174 2173 2172 2171 2170 2169 2168 2167 2166 
2186 2182 2181 2185 2184 2183 2179 
2180 
2196 2195 
2206 2203 2201 2198 2205 2199 2204 
2216 2211 2210 2208 2207 2215 2209 2217 
2214 2213 
2221 2225 2224 2223 2220 2219 2222 
2218 
2231 2227 2233 2232 2234 2228 2230 
2226 
2237 2235 
2243 2241 2242 2239 
2247 2249 2246 
2251 2250 
2255 2258 2257 2256 2253 
2274 2273 2268 2266 2275 2270 2269 2272 
2267 
2271 
2276 
2293 2283 2280 2289 2288 2277 
2292 2290 2287 2286 2282 2281 2279 2278 2291 2285 
2284 
2317 2314 2307 2300 2315 2294 2295 2311 2302 2297 
2299 
2303 
2309 2296 
2313 2310 2301 2298 
2319 2321 2318 2322 
2320 
2325 2324 
2340 2333 2341 2345 2356 2354 2351 2329 2344 2346 2348 2349 2350 2352 2353 2355 2330 2331 2335 2339 2347 2332 
2343 
2338 2337 
2361 2360 
2365 2364 2363 
2373 2372 2369 2366 
2371 2370 2367 
2402 2397 
2403 2398 
2400 2399 
2407 2405 2404 2401 
2416 2408 
2438 2411 
2420 2419 
2433 2436 2432 
2452 2444 2434 
2446 2435 
2440 2439 
2443 2442 
2503 2487 2494 2502 2473 2469 2505 2484 2471 2506 2488 2497 2462 2455 2463 2478 2468 2474 2470 2512 2460 2464 2501 2482 2457 2472 2480 2458 2479 2504 2485 2476 2493 2491 2483 2510 2498 2499 2481 2459 2508 2477 2511 2492 2507 2475 2490 2496 2495 2461 2456 
2486 
2500 
2466 2465 
2509 2489 2467 
2516 2513 
2521 2520 2519 2518 2517 2515 2514 
2525 2527 2524 2531 2523 2526 2532 2528 2529 
2530 
2558 2537 
2540 2545 2538 
2542 2539 
2554 2552 
2563 2562 2565 
2561 
