0 1 10
1 0.890909 11
2 0.890909 11
3 0.890909 11
4 1 10
5 1 10
6 1 10
7 0.890909 11
8 1 10
10 0.641026 13
11 1 10
9 1 5
1658 0.4 6
1659 0.25 8
49 0.952381 21
64 0.963158 20
65 0.952381 21
67 0.952381 21
68 0.952381 21
69 0.952381 21
70 1 18
71 0.952381 21
50 0.952381 21
51 0.989474 20
52 0.9 20
53 0.989474 20
54 0.989474 20
55 0.952381 21
56 1 13
57 0.952381 21
58 0.989474 20
59 0.952381 21
60 0.989474 20
61 0.989474 20
62 0.952381 21
63 0.952381 21
333 0.657143 15
321 0.984848 12
322 0.984848 12
323 0.566176 17
324 0.984848 12
325 0.833333 13
326 0.72381 15
327 0.984848 12
328 1 11
331 0.846154 13
332 1 11
334 0.769231 14
336 0.72381 15
329 1 5
330 1 5
335 0.809524 7
1616 0.472222 9
2118 0.333333 3
1334 0.4 5
570 0.166667 4
569 0 1
1305 0.869565 23
1306 0.869565 23
1307 0.960784 18
1308 0.807971 24
1309 0.837945 23
1310 0.985294 17
1311 0.869281 18
1312 0.923977 19
1315 0.869565 23
1316 0.869565 23
1317 0.869565 23
1318 1 12
1319 0.985294 17
1320 0.869565 23
1321 0.826087 23
1322 0.928571 21
1323 0.869565 23
1324 0.87013 22
1325 0.818182 23
1326 0.915789 20
1327 0.980952 15
1330 0.959064 19
1331 0.992647 17
1332 0.904762 22
1313 1 4
1328 0.5 4
1329 1 3
1333 1 3
1614 1 6
1615 0.809524 7
1617 1 6
1618 1 6
1622 0.809524 7
1623 0.809524 7
1621 1 3
1654 1 3
1656 1 3
2197 0 1
2117 1 2
2119 1 2
12 0.987179 13
34 0.775 16
36 1 12
42 1 12
13 0.775 16
15 0.857143 15
17 0.987179 13
18 0.987179 13
20 0.901099 14
21 0.506667 25
23 0.503333 25
24 0.775 16
27 0.828571 15
29 0.506667 25
35 1 4
14 0.952381 7
19 0.916667 9
16 1 8
32 0.824176 14
38 0.824176 14
39 0.824176 14
25 0.824176 14
26 0.824176 14
22 1 8
28 0.924242 12
33 1 11
37 0.871795 13
43 1 11
30 0.75 8
31 0 1
40 0 1
41 0 1
44 0 1
45 0 2
46 0 1
66 0 1
778 0 2
1578 0 1
72 1 11
73 1 11
74 1 11
78 1 11
79 1 11
80 1 11
81 1 11
83 1 11
84 1 11
86 1 11
87 1 11
88 1 11
75 1 2
77 1 2
85 1 2
76 0 1
82 0 1
89 0 1
100 0 1
90 0.945455 11
96 0.888889 10
99 0.871795 13
105 0.771429 15
106 0.771429 15
108 0.893939 12
109 0.529412 18
110 0.909091 11
111 0.846154 13
91 0.771429 15
92 0.871795 13
93 0.771429 15
101 0.972222 9
102 0.866667 10
103 0.933333 6
107 0.933333 10
94 0.8 5
104 0.833333 4
97 0.8 5
98 0.833333 4
95 0.833333 4
112 0.666667 6
113 0.9 5
114 1 4
115 0.666667 6
116 0.9 5
117 1 2
118 1 4
119 0.5 8
129 0.6 6
130 1 2
120 1 4
121 0.5 8
122 0.9 5
124 0.8 6
125 1 4
126 1 2
128 0 1
131 1 9
135 0.793651 28
136 0.80057 27
137 0.888889 19
138 0.809117 27
142 0.941667 16
143 0.811966 27
150 0.811966 27
155 0.830769 26
157 0.793651 28
132 0.794872 27
133 0.831909 27
134 0.968421 20
139 0.913043 24
140 0.846667 25
141 0.947368 20
144 0.897059 17
145 0.864615 26
146 0.864615 26
148 0.852308 26
149 1 17
151 0.831909 27
152 0.89 25
153 0.95671 22
154 0.948052 22
156 0.913043 24
158 1 3
159 1 12
160 0.939394 22
147 0.975 16
161 0.857143 7
162 1 5
165 1 5
167 0.857143 7
168 0.857143 7
169 0.857143 7
170 1 5
175 0.857143 7
163 1 3
176 1 3
171 1 3
164 1 3
172 0 1
173 0 1
177 1 5
178 1 5
179 1 5
180 1 5
181 1 5
182 1 5
183 0 1
186 0.333333 3
184 1 2
185 1 2
187 1 11
192 0.814286 21
199 0.878947 20
200 0.883041 19
202 0.878947 20
203 0.814286 21
205 0.814286 21
206 0.878947 20
208 0.847368 20
189 0.878947 20
190 0.878947 20
191 0.918129 19
188 0.991667 16
194 0.985294 17
196 0.985294 17
197 0.883041 19
201 0.918129 19
207 0.963235 17
193 0.948529 17
195 0.989011 14
198 1 11
204 1 5
210 1 4
211 1 4
212 1 4
213 1 4
214 1 4
215 0.703333 25
218 0.692308 26
219 0.897059 17
220 0.706667 25
223 0.901099 14
224 0.942857 15
225 0.919118 17
227 0.919118 17
228 0.823529 18
229 0.897059 17
230 0.692308 26
232 0.72332 23
233 0.770563 22
234 0.69 25
235 0.779221 22
236 0.941667 16
237 0.72 25
238 0.941667 16
239 0.779221 22
240 0.838095 15
241 0.977778 10
242 0.925 16
243 0.889706 17
244 0.75 17
245 0.901099 14
247 0.919118 17
217 0.607143 8
226 1 2
246 0.666667 3
221 0.809524 15
216 0 1
222 0 1
248 1 24
257 0.873016 36
258 0.880952 36
259 0.956439 33
261 0.917647 35
262 0.880952 36
263 0.950089 34
264 0.910924 35
265 0.974194 31
267 0.839339 37
269 0.917647 35
270 0.793741 38
272 0.965726 32
276 0.83033 37
277 0.950089 34
279 0.950089 34
280 0.958333 33
283 0.917647 35
284 0.837838 37
285 0.950089 34
286 0.799431 38
287 0.880952 36
250 0.965517 30
251 0.917647 35
255 0.946237 31
249 1 10
268 0.929924 33
281 0.878992 35
275 0.965909 33
278 0.985222 29
282 0.965909 33
253 0.986207 30
254 0.986772 28
260 0.971774 32
271 0.985222 29
273 1 14
252 0.983908 30
256 1 5
266 0 1
274 1 4
288 1 5
289 1 5
290 1 5
291 1 5
292 1 5
293 1 5
294 0 1
319 0 1
296 0.4 10
320 0.533333 6
300 0.533333 6
305 0.6 6
306 0.52381 7
307 1 4
312 0.8 5
315 1 3
316 1 4
317 0.47619 7
318 1 4
308 0.333333 4
309 1 2
299 0 1
304 0.333333 3
310 1 2
311 1 2
337 1 2
338 0.166667 4
342 1 2
339 0 1
341 0 1
343 1 3
352 0.688889 10
353 0.833333 9
356 0.833333 9
346 1 8
355 1 8
357 1 8
347 1 8
350 1 8
351 0.805556 9
354 1 2
344 0 1
345 0 1
348 0 1
349 0 1
358 0.428571 7
359 1 3
360 0.428571 7
362 1 2
363 1 3
365 0.833333 4
368 1 3
370 1 3
361 0 1
364 0 1
367 0 1
369 0 1
371 0.904412 17
384 1 9
385 0.904412 17
386 0.904412 17
387 0.904412 17
388 0.958333 16
372 0.904412 17
373 0.904412 17
374 0.904412 17
375 1 13
376 1 13
377 0.904412 17
378 0.958333 16
379 0.980952 15
380 1 14
381 0.958333 16
382 0.904412 17
383 0.980952 15
389 1 19
417 0.965517 30
418 0.893939 33
419 0.956989 31
422 0.935484 32
423 0.893939 33
390 0.941935 31
395 0.571429 43
397 0.893939 33
398 0.893939 33
399 0.956989 31
400 0.893939 33
401 0.935484 32
402 0.893939 33
403 0.96798 29
404 0.944828 30
407 0.935484 32
409 0.956989 31
413 0.893939 33
415 0.935484 32
391 0.95914 31
405 0.985222 29
406 0.91828 31
408 0.95914 31
410 0.928571 28
411 0.95914 31
412 0.981609 30
414 1 20
416 0.990148 29
420 0.95914 31
421 0.915323 32
425 0.985222 29
394 0.997151 27
1832 0.566667 16
1433 0.6 16
810 0.447368 20
817 0.477833 29
2103 0.381404 76
842 0.442105 20
2001 0.285714 21
2140 0.441441 37
1137 0.461988 19
2045 0.499698 58
661 0.403941 29
396 1 9
424 0 1
603 0 2
2544 0 1
657 1 4
658 0.575758 12
682 1 4
667 0.590643 19
679 0.638889 9
672 0.857143 7
673 0.833333 4
674 0.6 20
676 0.654971 19
677 0.666667 15
678 0.672515 19
666 0.688889 10
670 0.712418 18
659 0.857143 14
675 0.878788 12
680 0.9 5
681 0.885714 15
662 0.984848 12
663 0.912088 14
664 0.761905 15
668 0.808333 16
671 0.833333 13
660 1 2
665 0.981818 11
2088 0.52381 21
2261 0.461538 13
1138 0.509091 11
803 0.964286 8
804 0.964286 8
805 0.964286 8
806 0.964286 8
807 1 7
808 0.964286 8
809 1 7
811 0.964286 8
812 0.900585 19
833 0.836842 20
813 0.992647 17
814 0.992647 17
815 0.992647 17
818 0.900585 19
819 1 16
820 0.836842 20
821 0.992647 17
822 0.900585 19
823 0.947712 18
824 1 10
825 0.836842 20
826 0.836842 20
827 1 11
828 0.836842 20
829 0.908497 18
830 0.992647 17
831 0.836842 20
816 1 6
834 1 7
835 1 7
836 1 7
838 0.785714 8
840 0.785714 8
841 1 7
843 1 7
837 1 2
1132 1 5
1136 0.809524 7
1139 0.866667 6
1141 0.607143 8
1133 0.9 5
1134 0.6 6
1135 0 1
1140 0 1
1188 0.903448 30
1189 0.909677 31
1190 1 5
1191 0.933333 30
1192 0.933333 30
1193 0.953202 29
1194 0.759358 34
1195 0.958128 29
1196 1 20
1197 0.938424 29
1198 0.88172 31
1199 0.91954 30
1201 0.933333 25
1202 0.928736 30
1203 0.953202 29
1204 0.933333 30
1205 0.933333 30
1206 0.909677 31
1208 0.909677 31
1209 0.933862 28
1210 0.909677 31
1212 0.909677 31
1213 0.860887 32
1214 0.978836 28
1215 0.860887 32
1216 0.981538 26
1217 0.909677 31
1218 0.909677 31
1219 0.993846 26
1220 0.993846 26
1221 0.953202 29
1200 1 18
1211 1 18
2383 0.663158 20
2129 0.753623 24
1426 1 2
1432 1 2
1724 0.94359 40
1725 0.923345 42
1726 0.951636 38
1727 0.902564 40
1728 0.896341 41
1729 0.923345 42
1730 0.883721 43
1731 0.923345 42
1732 0.885017 42
1733 0.97724 38
1734 0.923345 42
1735 0.712653 50
1739 1 29
1740 0.91498 39
1741 0.981481 28
1742 0.835095 44
1743 0.711879 48
1744 0.930488 41
1747 0.838384 45
1748 0.825253 45
1749 0.936585 41
1751 0.738946 49
1752 0.854545 45
1753 0.991935 32
1758 0.931707 41
1759 0.960864 39
1760 0.929268 41
1761 0.881607 44
1762 0.854545 45
1763 0.771014 46
1765 0.828019 46
1767 0.896632 42
1768 0.930488 41
1769 0.979839 32
1771 0.923345 42
1772 0.853535 45
1773 0.881607 44
1774 0.904762 42
1775 0.893688 43
1776 0.828019 46
1777 0.974713 30
1745 1 33
1766 0.97619 28
1764 1 13
1738 0.987013 22
1757 1 12
1770 0.952381 21
1736 0.785714 8
1737 0.933333 6
1746 1 5
1756 1 5
1754 0 2
1750 0 1
1825 0.666667 3
1826 0.333333 3
1828 1 2
1839 0 1
1994 1 6
1995 0.904762 7
1996 0.75 8
1998 1 6
2000 0.75 8
2002 0.904762 7
1999 1 5
1997 1 3
2006 0.874459 22
2048 0.682828 45
2050 0.525974 56
2053 0.562409 53
2068 0.596863 51
2070 0.528131 58
2075 0.710256 40
2076 0.540741 55
2083 0.638478 44
2093 0.782796 31
2097 0.53997 52
2102 0.734143 39
2017 0.56549 51
2020 0.514014 62
2021 0.747748 37
2022 0.546471 54
2025 0.562442 47
2026 0.532365 58
2031 0.763869 38
2040 0.811966 27
2041 0.565611 52
2044 0.637421 44
2007 0.615385 52
2054 0.542278 54
2056 0.720093 42
2057 0.556494 56
2058 0.579608 51
2060 0.601282 40
2061 0.63285 46
2064 0.623299 49
2067 0.561039 56
2071 0.936759 23
2073 0.675676 38
2074 0.62902 51
2080 0.846561 28
2081 0.579798 45
2082 0.795567 29
2084 0.636448 47
2085 0.657724 47
2087 0.594949 45
2090 0.691026 40
2096 0.622449 49
2098 0.596517 53
2099 0.664634 41
2100 0.615171 47
2101 0.628122 47
2104 0.613468 55
2107 0.778966 34
2008 0.869458 29
2010 0.704615 26
2015 0.506004 70
2016 0.615488 55
2018 0.678076 47
2028 0.560656 61
2030 0.603048 53
2032 0.685493 43
2033 0.627628 37
2034 0.577143 50
2036 0.770563 22
2037 0.64273 48
2039 0.620392 51
2042 0.620392 51
2047 0.597484 54
2089 0.552941 51
2091 0.719368 23
2095 0.729167 33
2105 0.868952 32
2009 0.739919 32
2051 0.927273 11
2052 0.793333 25
2065 0.652381 36
2086 0.61256 46
2013 0.601633 50
2023 0.948529 17
2038 0.767267 37
2046 0.561086 52
2049 0.678063 27
2078 0.823529 17
2011 0.65942 24
2069 0.718954 18
2077 0.863636 12
2012 0.466667 6
2092 0.589852 44
2079 0.767742 31
2019 0.934641 18
2027 0.861538 26
2014 0.805556 9
2094 0.909091 12
2029 0.785714 8
2106 1 10
2024 0.819048 21
2035 0.963636 11
2043 0.866667 25
2055 1 4
2072 0 1
2059 0.782051 13
2062 1 3
2066 0 1
2120 1 14
2144 0.916996 23
2121 0.874459 22
2124 0.916996 23
2126 0.847826 24
2127 0.939394 22
2128 0.847826 24
2131 0.916996 23
2132 0.916996 23
2135 0.935065 22
2136 0.916996 23
2137 0.916996 23
2138 0.916996 23
2142 0.916996 23
2122 0.957895 20
2130 0.971429 21
2133 1 2
2134 0.952381 21
2139 0.966667 21
2141 0.869565 23
2145 1 19
2125 0.991667 16
2143 0.992647 17
2123 1 3
2260 0.8 5
2264 0.8 5
2265 1 4
2262 1 4
2263 1 3
2374 0.904412 17
2375 0.904412 17
2376 0.966667 16
2377 0.925 16
2378 0.904412 17
2379 0.925 16
2381 0.966667 16
2382 1 8
2384 1 14
2385 0.966667 16
2386 0.904412 17
2387 0.966667 16
2388 0.904412 17
2389 1 13
2390 0.966667 16
2391 0.966667 16
2392 0.980952 15
392 0 1
393 0 1
426 1 3
427 1 3
428 1 3
429 1 3
431 0.961905 15
432 0.961905 15
433 0.961905 15
434 1 13
435 1 13
436 0.989011 14
437 0.961905 15
438 0.961905 15
439 0.961905 15
440 0.961905 15
442 0.961905 15
443 1 12
444 0.961905 15
445 0.961905 15
446 0.961905 15
447 0.961905 15
448 0.6 5
449 1 4
450 1 4
451 1 4
452 0 1
453 1 4
455 1 3
456 1 3
457 1 3
460 1 3
461 1 3
465 0.666667 4
462 0.666667 4
463 1 3
464 1 2
466 0.666667 4
467 1 3
468 1 3
469 1 2
470 0.666667 4
471 1 2
472 1 2
473 1 2
474 0 1
486 0.6 5
476 1 3
481 0.8 5
483 0.8 5
477 0.8 5
485 1 4
475 0 1
484 0 1
487 1 2
488 1 2
489 1 2
490 1 3
491 1 3
492 1 3
493 1 3
494 0.869944 63
512 0.916423 59
513 0.956078 51
514 0.952104 53
515 0.828365 65
516 0.879429 62
517 0.915152 45
518 0.959596 45
519 0.893688 43
520 0.863529 51
521 0.860215 63
522 0.852133 59
523 0.854574 62
524 0.882514 61
525 0.864093 62
526 0.8375 65
527 0.874927 59
529 0.910579 59
531 0.966275 51
532 0.826107 66
533 0.917532 56
535 0.911028 57
536 0.890005 62
538 0.854045 62
539 0.985294 17
540 0.848757 62
541 0.844527 62
542 0.862263 63
543 0.846726 64
544 0.982927 41
545 0.854663 64
546 0.889538 59
547 0.972043 31
548 0.903704 55
549 0.909502 52
550 0.907656 59
551 0.830357 64
552 0.943027 49
553 0.893082 54
554 0.84639 63
555 0.834325 64
556 0.874011 60
557 0.843318 63
559 0.878788 55
560 0.823776 66
561 0.90339 60
562 0.833654 65
563 0.828365 65
564 0.968641 42
495 0.864622 62
496 0.878371 62
497 0.87404 63
498 0.894915 60
499 0.83125 65
500 0.863287 63
501 0.87541 61
502 0.977778 45
503 0.945946 37
504 0.911688 56
505 0.973639 49
506 0.941945 53
508 0.881544 62
509 0.899592 50
511 0.874669 62
530 0.957895 20
534 0.94 25
510 0.932308 26
528 0.950769 26
507 1 4
537 0.904762 7
568 1 3
571 1 3
572 1 3
575 1 3
573 0 1
578 0 1
580 1 2
581 1 2
582 1 2
583 1 3
584 1 3
585 1 3
586 1 3
589 1 4
592 1 4
596 1 4
598 1 4
599 1 4
591 0.833333 4
593 0.833333 4
594 0.833333 4
595 1 3
597 1 3
600 0 1
605 0 1
608 0 1
609 0 1
610 1 3
612 0.833333 4
614 0.833333 4
615 0.833333 4
613 1 3
617 0 1
618 0 1
620 0.892857 8
621 1 7
622 1 7
623 0.892857 8
624 0.892857 8
625 0.892857 8
626 0.892857 8
627 1 7
628 1 5
629 1 3
636 0.833333 4
630 0.833333 4
631 0.833333 4
632 0.5 4
634 0 1
633 0 1
635 0 1
637 0.933333 10
640 1 8
641 0.681818 12
643 0.844444 10
644 0.933333 10
645 0.933333 10
647 1 8
648 0.818182 11
649 0.933333 10
638 0.818182 11
639 0.972222 9
642 1 4
646 0 1
650 0.866667 6
651 0.866667 6
652 0.866667 6
653 1 4
654 1 5
655 1 5
656 0.866667 6
683 0.936667 25
684 0.936667 25
685 0.873846 26
686 0.976285 23
687 0.936667 25
688 0.936667 25
689 0.936667 25
690 1 21
691 1 18
692 0.994152 19
693 0.873846 26
694 0.873846 26
695 0.936667 25
696 0.936667 25
697 0.936667 25
698 0.976285 23
699 0.952899 24
700 0.976285 23
701 0.969697 22
702 0.952899 24
704 0.956522 24
705 1 19
707 0.936667 25
708 0.987013 22
709 0.936667 25
710 0.873846 26
706 1 4
712 1 2
716 0.5 4
717 0.5 4
715 1 2
718 1 2
714 1 3
720 1 3
721 1 3
719 1 3
722 0.785714 8
723 1 6
724 0.722222 9
726 0.857143 8
727 0.857143 8
728 1 3
729 0.6 10
730 0.714286 8
732 0.952381 7
725 1 5
733 1 2
734 1 5
736 1 5
737 1 5
738 1 5
739 1 5
735 1 5
740 0 2
1609 0 1
764 0 1
741 1 2
763 1 2
757 1 2
742 1 7
746 1 7
748 1 7
750 1 7
754 1 7
755 1 7
756 1 7
761 1 7
743 1 2
744 0.333333 3
753 1 2
760 0 1
745 0 1
1632 0.47619 7
1636 0.8 5
1637 0.666667 4
1638 0.571429 7
1640 0.285714 8
1641 1 4
1648 0.666667 6
1633 1 2
1634 1 3
1635 1 2
1649 0.666667 3
1646 1 2
749 1 2
762 1 2
759 1 2
765 1 2
787 1 2
781 1 2
767 0.666667 3
777 1 2
773 0.666667 3
782 1 2
769 0 1
784 0 1
770 0 1
772 0 1
771 1 3
785 0.666667 4
779 1 3
774 0.666667 4
788 1 2
789 0.866667 6
790 1 5
791 0.714286 7
792 1 4
793 0.714286 7
797 1 5
798 0.714286 7
794 1 3
799 1 3
800 1 3
801 1 3
802 1 3
845 0.984848 12
846 0.984848 12
847 0.984848 12
848 0.769231 14
849 0.858974 13
850 0.769231 14
851 1 11
853 0.858974 13
854 1 11
855 0.769231 14
856 0.984848 12
859 0.858974 13
860 0.984848 12
857 1 4
858 1 4
852 1 3
862 1 2
864 1 2
863 1 2
865 0.878947 20
866 0.906433 19
869 0.795238 21
870 0.748918 22
871 0.847368 20
872 0.929825 19
873 1 13
874 1 9
875 0.929825 19
876 0.929825 19
877 0.878947 20
878 0.82381 21
880 0.757576 22
881 0.906433 19
882 0.795238 21
883 0.992647 17
884 1 13
885 0.868421 20
887 1 16
888 1 16
889 0.906433 19
867 1 3
868 1 7
879 0 1
890 1 3
891 1 3
892 1 3
893 1 3
894 0.866667 6
896 0.607143 8
898 0.607143 8
899 0.8 5
900 1 5
902 1 5
895 0.866667 6
897 1 3
901 0.833333 4
903 1 2
909 0.733333 10
911 0.785714 8
904 0.928571 8
905 0.888889 9
906 1 6
907 0.964286 8
908 0.888889 9
910 0.888889 9
912 0.964286 8
913 0.888889 9
915 0 1
2425 0 1
916 0.981818 11
931 0.909091 12
935 0.909091 12
917 0.909091 12
918 0.909091 12
920 0.909091 12
921 1 10
922 0.909091 12
924 0.981818 11
925 0.981818 11
926 0.981818 11
927 0.927273 11
934 1 7
937 0.911807 38
938 0.911807 38
939 0.941441 37
940 0.969841 36
941 0.965909 33
942 0.923423 37
943 0.894737 38
944 0.866397 39
945 1 27
946 0.911807 38
947 1 15
948 0.941441 37
949 0.969841 36
950 0.941441 37
951 0.979832 35
952 1 32
953 0.941441 37
954 0.941441 37
955 0.983193 35
956 0.911807 38
957 1 17
959 0.870445 39
960 0.911807 38
961 0.923423 37
962 0.938438 37
963 0.983193 35
964 0.911807 38
965 0.911807 38
966 0.938438 37
967 0.941441 37
968 0.969841 36
969 1 31
970 0.893314 38
971 1 29
972 0.938438 37
973 0.99287 34
975 0.99287 34
976 0.989305 34
977 0.870445 39
974 1 5
958 1 2
978 0 1
983 0 1
979 1 3
984 0.833333 4
981 0.833333 4
982 0.833333 4
980 1 3
985 0.993464 18
1029 0.993464 18
1030 0.993464 18
1032 0.993464 18
1002 0.993464 18
1035 0.810526 20
1004 0.993464 18
1034 1 17
1038 0.993464 18
1006 0.894737 19
1013 0.993464 18
1014 0.894737 19
1016 0.993464 18
1017 1 17
1018 0.993464 18
1019 0.993464 18
1020 0.993464 18
986 0.993464 18
988 0.993464 18
990 1 2
1003 1 2
989 0.982684 22
1025 0.956522 23
1026 0.956522 23
1027 0.956522 23
1028 0.969697 22
1031 0.956522 23
1033 0.956522 23
1037 1 19
1039 0.982684 22
991 0.956522 23
992 0.990476 21
993 0.982684 22
994 0.97619 21
997 0.956522 23
998 0.880435 24
1000 0.969697 22
1005 0.956522 23
1007 0.982684 22
1008 0.982684 22
1010 0.956522 23
1011 0.956522 23
1015 0.880435 24
1022 0.956522 23
1021 1 16
1009 1 2
1040 0.971429 15
1056 0.85 16
1057 0.904762 15
1058 1 14
1041 1 12
1043 0.971429 15
1044 0.971429 15
1045 0.883333 16
1046 0.904762 15
1047 0.971429 15
1048 0.971429 15
1049 0.971429 15
1050 0.971429 15
1051 0.883333 16
1054 0.883333 16
1055 0.971429 15
1053 1 5
1052 0 1
1060 0 1
1061 0 2
1070 0 2
1062 0 1
1064 0 1
1065 0 1
1072 0 1
1073 0 1
1074 0 1
1077 0 2
1075 0 1
1079 0 1
1081 0 1
1080 1 2
1083 1 2
1087 0.333333 3
1085 0 1
1091 0.929231 26
1092 0.981884 24
1093 0.806878 28
1095 0.952899 24
1096 0.929231 26
1097 0.996047 23
1098 0.929231 26
1099 0.953333 25
1100 0.967391 24
1101 0.79803 29
1102 0.79803 29
1104 0.956667 25
1105 0.956667 25
1106 0.846561 28
1108 0.838624 28
1109 0.996047 23
1110 0.846561 28
1111 0.956667 25
1112 0.981884 24
1113 0.994737 20
1114 0.846561 28
1115 0.880342 27
1116 0.954248 18
1117 0.913846 26
1118 0.846154 27
1119 0.941176 17
1120 0.838624 28
1094 0.969697 12
1103 1 8
1107 1 5
1121 1 2
1122 1 2
1123 1 2
1124 1 2
1128 0.666667 3
1130 0.666667 3
1125 1 2
1129 1 2
1131 0.333333 3
1126 0.333333 3
1127 0 2
1142 1 12
1152 1 12
1153 1 12
1156 1 12
1157 1 12
1158 1 12
1160 1 12
1162 1 12
1143 1 12
1145 1 12
1146 1 12
1147 1 12
1148 1 12
1144 0.9 5
1161 0.9 5
1155 1 4
1149 0.9 5
1150 0.9 5
1151 1 4
1163 0 1
1168 0 1
1166 0 1
1167 0 1
1170 0.956044 14
1184 0.87619 15
1185 1 11
1187 0.974359 13
1171 0.956044 14
1174 0.987179 13
1175 1 12
1176 0.987179 13
1177 0.87619 15
1178 0.87619 15
1179 0.87619 15
1180 0.87619 15
1181 0.956044 14
1182 0.87619 15
1183 0.956044 14
1172 1 6
1223 1 9
1253 0.806667 25
1228 0.933333 21
1229 0.933333 21
1230 0.704433 29
1232 0.678161 30
1236 0.833333 24
1239 0.719577 28
1240 0.933333 21
1245 0.933333 21
1224 0.989474 20
1248 0.994152 19
1250 0.989474 20
1251 0.952632 20
1252 0.706897 29
1254 0.71164 28
1225 0.706897 29
1227 0.952632 20
1233 0.706897 29
1235 0.847826 24
1243 0.989474 20
1247 0.706897 29
1226 0.92381 15
1231 0.805263 20
1234 0.934066 14
1237 1 10
1241 0.952381 15
1242 0.967033 14
1244 1 11
1246 0.933333 15
1249 0.805263 20
1255 0.928571 8
1256 0.928571 8
1257 1 6
1258 0.928571 8
1259 1 7
1260 0.928571 8
1261 0.928571 8
1262 0.928571 8
1263 1 7
1264 0.927273 11
1280 0.927273 11
1265 0.818182 12
1266 0.927273 11
1268 0.927273 11
1271 0.927273 11
1272 0.692308 13
1273 1 8
1274 1 9
1276 0.866667 10
1277 0.977778 10
1279 0.818182 12
1267 1 4
1275 0 1
1285 1 3
1288 1 3
1286 1 3
1287 1 3
1289 0.619048 7
1290 0.733333 6
1291 0.9 5
1292 0.666667 4
1293 0.52381 7
1295 1 4
1297 0.52381 7
1298 1 3
1294 1 2
1296 0 1
1299 0.7 5
1304 0.7 5
1300 1 4
1301 1 4
1302 1 4
1303 1 2
1338 0.833333 4
1345 1 3
1339 0.833333 4
1340 1 3
1341 0.833333 4
1346 0.833333 4
1347 1 3
1348 0.833333 4
1349 1 3
1350 0.833333 4
1351 0 1
1353 0 2
1352 0 1
1354 1 2
1355 1 2
1356 1 2
1357 0.714286 7
1359 1 4
1360 1 5
1362 1 5
1363 1 5
1364 0.571429 8
1365 0.571429 8
1367 1 4
1361 1 2
1368 0 1
1369 0 1
1370 0.666667 3
1371 1 2
1372 1 2
1373 0.666667 3
1374 1 2
1376 1 2
1375 1 2
1380 1 3
1384 1 3
1381 1 3
1382 1 3
1385 0.851449 24
1409 0.690323 31
1410 0.803333 25
1411 0.906433 19
1412 1 10
1413 0.76455 28
1415 0.91342 22
1419 0.690323 31
1386 0.717241 30
1388 0.947368 19
1389 0.741379 29
1390 0.789174 27
1393 0.958333 16
1394 0.923977 19
1395 0.772487 28
1396 0.862319 24
1397 0.746305 29
1398 0.878788 22
1399 0.753968 28
1400 0.977941 17
1401 0.822464 24
1402 0.807971 24
1403 0.740741 28
1404 0.813333 25
1406 0.76455 28
1414 0.972222 9
1416 0.933333 16
1417 0.912088 14
1418 1 13
1392 1 16
1407 0.900585 19
1408 0.977778 10
1420 1 3
1421 0.666667 4
1422 1 3
1423 0.666667 4
1424 1 2
1425 0.982456 19
1440 1 17
1441 1 17
1442 0.982456 19
1443 0.993464 18
1444 0.982456 19
1446 0.982456 19
1447 0.982456 19
1448 0.982456 19
1449 0.982456 19
1427 0.982456 19
1428 0.982456 19
1429 0.993464 18
1430 0.982456 19
1431 0.982456 19
1434 0.982456 19
1435 0.982456 19
1436 0.982456 19
1438 0.982456 19
1439 0.982456 19
1450 0.952381 7
1451 0.892857 8
1453 0.722222 9
1455 1 6
1457 0.952381 7
1458 0.892857 8
1459 0.722222 9
1460 0.892857 8
1452 1 6
1456 1 2
1461 0.974359 13
1472 0.974359 13
1473 0.974359 13
1474 0.974359 13
1462 0.974359 13
1463 0.974359 13
1464 0.974359 13
1465 0.974359 13
1466 0.974359 13
1467 0.974359 13
1468 1 12
1469 1 12
1470 1 11
1471 0.974359 13
1476 1 2
1477 1 2
1478 1 2
1480 0 2
1482 0 1
1483 0 1
1485 0 1
1486 0 1
1490 1 2
1499 1 2
1503 1 2
1491 0.666667 3
1498 0.166667 4
1494 0.666667 3
1502 1 2
1496 0 1
1497 0 1
1492 0 1
1495 0 1
1500 0 1
1501 0 1
1504 1 21
1536 0.844609 44
1537 0.85825 43
1506 0.874862 43
1507 0.781915 48
1540 0.79926 47
1538 0.885017 42
1511 0.857576 45
1544 0.907317 41
1547 0.897436 40
1516 0.79926 47
1517 0.856566 45
1549 0.79371 47
1554 0.803885 47
1523 0.826087 46
1524 0.822222 46
1525 0.851515 45
1527 0.880372 42
1528 0.863787 43
1529 0.821256 46
1530 0.892683 41
1535 0.831884 46
1505 0.850505 45
1539 0.89258 43
1541 0.861522 44
1545 0.876321 44
1546 1 15
1548 0.99053 33
1550 0.982759 29
1551 0.874862 43
1552 0.933873 39
1555 0.944086 31
1556 0.947447 37
1508 1 14
1509 0.861522 44
1512 0.955437 34
1513 0.974474 37
1514 0.869324 43
1515 0.875264 44
1518 0.944669 39
1519 0.944523 38
1520 0.912195 41
1521 0.996047 23
1522 0.982759 29
1531 0.984127 28
1532 0.944538 35
1534 0.874862 43
1543 1 13
1526 1 9
1553 1 9
1510 1 3
1558 0 1
1561 0 1
1563 1 2
1566 1 2
1567 1 2
1568 1 8
1569 0.833333 9
1570 1 8
1571 1 8
1572 1 8
1573 0.833333 9
1574 0.833333 9
1575 1 8
1577 1 8
1576 1 3
1579 0 1
1581 0 2
1580 0 1
1583 0.777778 10
1584 0.933333 6
1585 0.777778 10
1586 0.833333 9
1587 0.694444 9
1588 0.952381 7
1589 0.821429 8
1590 0.952381 7
1591 0.857143 8
1592 0.545455 12
1595 0.904762 7
1593 1 2
1594 0 1
1597 1 3
1600 1 3
1598 1 3
1599 1 3
1601 1 2
1603 1 2
1604 0.333333 3
1602 0 1
1605 0 1
1606 0.6 6
1607 0.9 5
1608 1 4
1610 0.9 5
1611 1 4
1613 0.9 5
1625 1 3
1626 1 3
1627 1 3
1628 1 3
1630 0 1
1631 0 1
1639 0 1
1643 0 2
1644 0 1
1642 0 1
1645 0 1
1650 0 1
1652 0 1
1651 0 1
1653 0 1
1661 1 2
1664 0.666667 3
1663 0.666667 3
1662 1 2
1666 0 1
1667 0 1
1671 0 1
1674 0 1
1678 0 1
1679 0 1
1688 0 1
1689 0 1
1691 0.860294 17
1696 0.987179 13
1697 1 9
1698 0.860294 17
1699 0.945055 14
1700 0.860294 17
1701 0.860294 17
1702 1 12
1704 0.9 16
1705 0.908333 16
1706 0.933333 15
1707 0.952381 15
1708 1 13
1709 0.860294 17
1692 0.860294 17
1693 0.908333 16
1694 1 10
1695 0.860294 17
1710 0.933333 6
1712 0.857143 7
1713 0.857143 7
1715 0.527778 9
1716 0.857143 7
1717 0.933333 6
1718 1 5
1714 1 5
1914 0.666667 4
1915 0.666667 4
1916 1 3
1917 1 3
1719 0 1
1720 0 1
1779 0.909091 12
1792 0.924242 12
1793 0.933333 10
1796 0.884615 13
1797 0.884615 13
1799 0.884615 13
1800 0.972222 9
1801 1 10
1802 0.884615 13
1806 0.884615 13
1808 0.884615 13
1783 0.909091 12
1784 0.963636 11
1790 0.955556 10
1780 1 5
1787 1 5
1804 0.866667 6
1795 0.866667 6
1782 0.866667 6
1781 0.866667 6
1788 1 4
1785 1 4
1794 1 4
1803 0.6 5
1805 1 4
1791 1 4
1798 0 1
1786 1 3
1809 1 3
1789 1 3
1807 1 3
1810 1 4
1811 1 4
1812 1 4
1813 1 4
1814 1 4
1815 0 1
1817 0.666667 7
1816 0.904762 7
1824 0.892857 8
1818 0.892857 8
1820 0.892857 8
1821 0.952381 7
1822 0.952381 7
1823 0.892857 8
1819 0.904762 7
1827 0 1
1831 0.333333 3
1829 1 2
1830 1 2
1833 1 2
1834 1 2
1842 1 2
1835 1 2
1843 1 2
1836 1 2
1845 0 1
1846 0 1
1848 0 2
1849 0 1
1850 0 1
1852 0 1
1855 0 1
1864 1 7
1865 1 7
1867 1 7
1868 1 7
1869 1 7
1870 1 7
1873 1 7
1875 1 7
1866 0.833333 4
1872 1 3
1874 0.833333 4
1876 1 3
1871 0.833333 4
1877 0 1
1878 0 1
1879 0 1
1880 0 1
1883 0 1
1884 0 1
1885 1 2
1886 1 2
1887 1 2
1888 1 3
1891 1 3
1892 0.5 4
1893 1 3
1890 0 1
1894 0.863636 12
1895 0.863636 12
1896 1 7
1897 0.863636 12
1898 1 9
1899 0.927273 11
1900 0.863636 12
1901 0.863636 12
1902 0.927273 11
1903 0.927273 11
1904 1 9
1905 0.933333 10
1906 0.933333 10
1907 1 6
1908 1 6
1909 1 6
1910 1 6
1911 1 6
1912 1 6
1913 1 6
1918 1 13
1921 0.971429 15
1922 0.971429 15
1924 0.971429 15
1925 0.971429 15
1926 0.971429 15
1927 0.971429 15
1929 0.971429 15
1930 0.989011 14
1931 0.971429 15
1932 0.971429 15
1933 0.971429 15
1934 0.971429 15
1936 0.971429 15
1928 0.989011 14
1935 1 13
1919 1 2
1920 1 2
1923 1 2
1937 0 1
1940 0 1
1938 0 1
1939 0 1
1941 0.833333 4
1952 0.833333 4
1961 1 3
1949 1 3
1967 0.833333 4
1942 0.766082 19
1953 0.849673 18
1954 1 14
1956 1 14
1957 0.904412 17
1958 0.766082 19
1959 0.849673 18
1962 0.904412 17
1963 0.904412 17
1964 0.95 16
1965 1 8
1966 0.925 16
1943 1 10
1944 0.925 16
1945 1 2
1946 0.882353 17
1947 0.849673 18
1948 1 11
1950 0.904412 17
1951 0.95 16
1968 1 2
1971 0.52381 7
1973 0.733333 6
1969 1 5
1972 1 5
1974 1 5
1975 1 5
1970 0 1
1976 1 8
1984 0.944444 9
1985 0.944444 9
1977 0.944444 9
1978 1 8
1979 0.8 10
1981 0.944444 9
1982 0.8 10
1983 0.8 10
1980 1 7
1986 1 3
1987 0 1
1990 0 2
1992 0 1
2004 0 1
2005 0 1
2108 1 3
2109 1 3
2110 1 3
2111 1 3
2112 1 4
2113 1 4
2114 1 4
2115 1 4
2116 1 4
2146 0.533333 6
2147 1 3
2148 1 4
2150 0 1
2151 0.8 5
2152 0.8 5
2153 1 4
2155 0 1
2156 0 1
2157 1 3
2161 1 3
2162 1 3
2158 1 3
2163 1 2
2164 1 2
2165 1 2
2166 1 8
2167 1 8
2168 1 8
2169 1 8
2170 1 8
2171 1 8
2172 1 8
2173 1 8
2174 1 8
2179 1 6
2181 0.809524 7
2182 0.809524 7
2183 1 6
2184 1 6
2185 1 6
2186 0.809524 7
2180 1 3
2195 0 1
2196 0 1
2198 0.8 6
2199 1 5
2201 0.666667 6
2203 0.8 6
2204 1 3
2205 1 5
2206 0.8 6
2200 0 1
2207 0.904762 7
2208 0.904762 7
2209 1 6
2210 0.904762 7
2211 0.904762 7
2215 1 6
2216 0.678571 8
2217 1 5
2212 0 1
2213 0 1
2214 0 1
2218 1 2
2219 0.733333 6
2221 0.714286 7
2220 0.933333 6
2223 0.933333 6
2224 0.933333 6
2225 0.933333 6
2222 1 5
2226 1 5
2232 0.857143 7
2233 0.857143 7
2227 0.857143 7
2228 0.933333 6
2231 0.857143 7
2230 1 5
2234 0.933333 6
2235 0 1
2237 0 1
2239 0 1
2241 0 2
2243 0 2
2242 0 1
2246 1 2
2249 1 2
2247 1 2
2250 0 1
2251 0 1
2253 1 4
2256 1 4
2257 1 4
2258 1 4
2255 1 4
2266 0.777778 9
2272 1 7
2273 0.644444 10
2274 0.644444 10
2275 0.892857 8
2267 1 5
2268 0.777778 9
2269 1 7
2270 1 7
2271 1 4
2276 1 2
2277 1 5
2288 1 5
2289 1 5
2280 1 5
2283 1 5
2293 1 5
2278 0.955556 10
2279 0.955556 10
2281 0.955556 10
2282 0.955556 10
2284 1 8
2285 1 9
2286 0.955556 10
2287 0.955556 10
2290 0.955556 10
2291 1 9
2292 0.955556 10
2294 0.821429 8
2307 0.694444 9
2311 1 7
2314 0.666667 9
2315 0.785714 8
2317 0.694444 9
2295 1 7
2297 1 3
2300 0.785714 8
2299 1 2
2302 0.666667 4
2303 1 2
2296 0 1
2309 0 1
2298 1 3
2313 0.5 4
2301 1 3
2310 1 3
2305 0 1
2308 0 2
2318 0.833333 4
2320 1 3
2321 0.833333 4
2322 1 3
2319 0.833333 4
2324 0 1
2325 0 1
2329 0.995238 21
2339 0.995238 21
2340 0.930736 22
2341 0.930736 22
2344 0.995238 21
2345 0.930736 22
2346 0.995238 21
2347 1 20
2348 0.995238 21
2349 0.995238 21
2350 0.995238 21
2351 0.930736 22
2352 0.995238 21
2353 0.995238 21
2354 0.930736 22
2355 0.995238 21
2356 0.930736 22
2330 0.995238 21
2331 0.995238 21
2332 1 20
2333 0.930736 22
2335 0.995238 21
2343 1 7
2337 0 1
2338 0 1
2360 0 1
2361 0 1
2363 1 2
2364 1 2
2365 1 2
2366 1 3
2369 1 3
2372 1 3
2373 1 3
2367 1 2
2370 1 2
2371 1 2
2397 0 1
2402 0 1
2398 0 1
2403 0 1
2399 0 1
2400 0 1
2401 1 3
2404 1 3
2405 1 3
2407 1 3
2408 0 1
2416 0 1
2411 0 1
2438 0 1
2419 0 1
2420 0 1
2432 0 1
2433 0 2
2436 0 1
2434 0 1
2452 0 2
2444 0 1
2435 0 1
2446 0 1
2439 0 1
2440 0 1
2442 0 1
2443 0 1
2455 0.811594 46
2457 0.89258 43
2458 0.887179 40
2459 0.962567 34
2460 0.844444 46
2461 0.857143 8
2462 0.847343 46
2463 0.843478 46
2464 0.844444 46
2468 0.838647 46
2469 0.807624 48
2470 0.848309 46
2471 0.808511 47
2472 0.851336 42
2473 0.807624 48
2474 0.827053 46
2475 0.984615 26
2476 0.935989 38
2477 0.962121 33
2478 0.830918 46
2479 0.9 40
2480 0.891986 42
2481 0.950089 34
2482 0.833887 43
2484 0.821462 47
2485 0.935989 38
2486 0.954545 12
2487 0.794326 48
2488 0.822387 47
2490 0.948052 22
2491 0.936937 37
2492 0.983908 30
2493 0.926426 37
2494 0.79344 48
2497 0.815911 47
2498 0.929412 35
2499 0.941176 35
2501 0.857294 44
2502 0.808511 48
2503 0.751837 50
2504 0.84495 38
2505 0.781028 48
2506 0.833488 47
2507 0.97151 27
2508 0.928699 34
2511 0.983871 32
2512 0.846377 46
2456 1 6
2483 0.942857 36
2510 0.95873 36
2500 1 9
2496 0.866667 10
2495 1 10
2465 0 1
2466 0 1
2467 1 2
2489 1 2
2509 1 2
2513 0 1
2516 0 1
2514 1 6
2515 1 6
2517 1 6
2518 1 6
2519 1 6
2520 1 6
2521 1 6
2523 0.821429 8
2528 1 6
2529 1 4
2531 0.785714 8
2532 0.952381 7
2524 0.714286 8
2525 0.694444 9
2526 0.952381 7
2527 0.821429 8
2530 1 3
2537 0 1
2558 0 1
2538 1 2
2545 1 2
2540 1 2
2539 0 1
2542 0 1
2552 0 1
2554 0 1
2561 1 2
2562 0.666667 3
2563 0.666667 3
2565 1 2
